[gd_scene load_steps=16 format=3 uid="uid://b3w7m75ej5m13"]

[ext_resource type="PackedScene" uid="uid://bs72ogkvdd7d6" path="res://addons/proto_controller/proto_controller.tscn" id="1_xw4ep"]
[ext_resource type="PackedScene" uid="uid://d2mk2a7gtgcb5" path="res://character_scenes/enemy_hiker.tscn" id="2_i7e6j"]
[ext_resource type="PackedScene" uid="uid://cob4c5pkqrx7f" path="res://character_scenes/pine_tree.tscn" id="3_6ko4u"]
[ext_resource type="Terrain3DAssets" uid="uid://dal3jhw6241qg" path="res://demo/data/assets.tres" id="3_jfx6l"]
[ext_resource type="PackedScene" uid="uid://bk003pqqyi6an" path="res://character_scenes/flag.tscn" id="4_qsa1g"]
[ext_resource type="PackedScene" uid="uid://deaqtkif8sdpp" path="res://ui.tscn" id="6_ydhtl"]
[ext_resource type="Script" path="res://ui.gd" id="7_7j8if"]

[sub_resource type="ProceduralSkyMaterial" id="ProceduralSkyMaterial_73qkl"]

[sub_resource type="Sky" id="Sky_wj5k5"]
sky_material = SubResource("ProceduralSkyMaterial_73qkl")

[sub_resource type="Environment" id="Environment_wm5ac"]
background_mode = 2
sky = SubResource("Sky_wj5k5")

[sub_resource type="Gradient" id="Gradient_qhbb0"]
offsets = PackedFloat32Array(0.2, 1)
colors = PackedColorArray(1, 1, 1, 1, 0, 0, 0, 1)

[sub_resource type="FastNoiseLite" id="FastNoiseLite_b1sql"]
noise_type = 2
frequency = 0.03
cellular_jitter = 3.0
cellular_return_type = 0
domain_warp_enabled = true
domain_warp_type = 1
domain_warp_amplitude = 50.0
domain_warp_fractal_type = 2
domain_warp_fractal_lacunarity = 1.5
domain_warp_fractal_gain = 1.0

[sub_resource type="NoiseTexture2D" id="NoiseTexture2D_lyonx"]
seamless = true
color_ramp = SubResource("Gradient_qhbb0")
noise = SubResource("FastNoiseLite_b1sql")

[sub_resource type="Terrain3DMaterial" id="Terrain3DMaterial_iu6mx"]
_shader_parameters = {
"bias_distance": 512.0,
"blend_sharpness": 0.87,
"depth_blur": 0.0,
"enable_macro_variation": true,
"enable_projection": true,
"height_blending": true,
"macro_variation1": Color(1, 1, 1, 1),
"macro_variation2": Color(1, 1, 1, 1),
"macro_variation_slope": 0.333,
"mipmap_bias": 1.0,
"noise1_angle": 0.0,
"noise1_offset": Vector2(0.5, 0.5),
"noise1_scale": 0.04,
"noise2_scale": 0.076,
"noise3_scale": 0.225,
"noise_texture": SubResource("NoiseTexture2D_lyonx"),
"projection_angular_division": 2.0,
"projection_threshold": 0.8,
"world_space_normal_blend": true
}
world_background = 0

[sub_resource type="BoxShape3D" id="BoxShape3D_p5nep"]

[node name="Main" type="Node3D"]
transform = Transform3D(1, 0, 0, 0, 1, 0, 0, 0, 1, -0.155731, 0.205719, -0.169888)

[node name="WorldEnvironment" type="WorldEnvironment" parent="."]
environment = SubResource("Environment_wm5ac")

[node name="DirectionalLight3D" type="DirectionalLight3D" parent="."]
transform = Transform3D(0.760406, -0.276522, 0.587638, 0, 0.904827, 0.425779, -0.649448, -0.323765, 0.688036, 17, 12.8919, -6)
light_energy = 0.921
shadow_enabled = true

[node name="ProtoController" parent="." instance=ExtResource("1_xw4ep")]
transform = Transform3D(-0.589337, 0, -0.807887, 0, 1, 0, 0.807887, 0, -0.589337, 216.017, 10.9357, -131.266)

[node name="Enemies" type="Node3D" parent="."]

[node name="EnemyHiker1" parent="Enemies" instance=ExtResource("2_i7e6j")]
transform = Transform3D(-0.592168, 0, 0.805815, 0, 1, 0, -0.805815, 0, -0.592168, 197.946, 16.4289, -106.969)

[node name="Terrain3D" type="Terrain3D" parent="." groups=["Environment"]]
data_directory = "res://"
material = SubResource("Terrain3DMaterial_iu6mx")
assets = ExtResource("3_jfx6l")
collision_layer = 2
collision_mask = 5
top_level = true
metadata/_edit_lock_ = true

[node name="Environment" type="Node3D" parent="."]

[node name="Tree" parent="Environment" instance=ExtResource("3_6ko4u")]
transform = Transform3D(1, 0, 0, 0, 1, 0, 0, 0, 1, 242.025, 0, -186.319)
collision_mask = 1

[node name="Tree2" parent="Environment" instance=ExtResource("3_6ko4u")]
transform = Transform3D(1, 0, 0, 0, 1, 0, 0, 0, 1, 105.225, 26.2424, -25.8665)

[node name="Tree3" parent="Environment" instance=ExtResource("3_6ko4u")]
transform = Transform3D(1, 0, 0, 0, 1, 0, 0, 0, 1, 209.643, 10.3838, -130.635)

[node name="Tree4" parent="Environment" instance=ExtResource("3_6ko4u")]
transform = Transform3D(1, 0, 0, 0, 1, 0, 0, 0, 1, 225.929, 0, -89.4876)

[node name="Tree5" parent="Environment" instance=ExtResource("3_6ko4u")]
transform = Transform3D(1, 0, 0, 0, 1, 0, 0, 0, 1, 239.335, 0, -97.9274)

[node name="Tree6" parent="Environment" instance=ExtResource("3_6ko4u")]
transform = Transform3D(1, 0, 0, 0, 1, 0, 0, 0, 1, 239.032, 0, -81.3077)

[node name="Tree7" parent="Environment" instance=ExtResource("3_6ko4u")]
transform = Transform3D(1, 0, 0, 0, 1, 0, 0, 0, 1, 249.66, -0.0679703, -110.311)

[node name="Tree8" parent="Environment" instance=ExtResource("3_6ko4u")]
transform = Transform3D(1, 0, 0, 0, 1, 0, 0, 0, 1, 225.423, -0.304241, -72.063)

[node name="Tree9" parent="Environment" instance=ExtResource("3_6ko4u")]
transform = Transform3D(1, 0, 0, 0, 1, 0, 0, 0, 1, 254.32, -0.0679703, -125.178)

[node name="Tree10" parent="Environment" instance=ExtResource("3_6ko4u")]
transform = Transform3D(1, 0, 0, 0, 1, 0, 0, 0, 1, 251.253, -0.0679703, -142.301)

[node name="Tree11" parent="Environment" instance=ExtResource("3_6ko4u")]
transform = Transform3D(1, 0, 0, 0, 1, 0, 0, 0, 1, 240.569, 0, -156.081)

[node name="Tree12" parent="Environment" instance=ExtResource("3_6ko4u")]
transform = Transform3D(1, 0, 0, 0, 1, 0, 0, 0, 1, 224.574, 0, -163.471)

[node name="Tree13" parent="Environment" instance=ExtResource("3_6ko4u")]
transform = Transform3D(1, 0, 0, 0, 1, 0, 0, 0, 1, 206.718, -0.918611, -158.674)

[node name="Tree14" parent="Environment" instance=ExtResource("3_6ko4u")]
transform = Transform3D(1, 0, 0, 0, 1, 0, 0, 0, 1, 193.054, 0, -146.441)

[node name="Tree15" parent="Environment" instance=ExtResource("3_6ko4u")]
transform = Transform3D(1, 0, 0, 0, 1, 0, 0, 0, 1, 180.071, 4.66257, -128.316)

[node name="Tree16" parent="Environment" instance=ExtResource("3_6ko4u")]
transform = Transform3D(1, 0, 0, 0, 1, 0, 0, 0, 1, 158.809, 4.40335, -128.148)

[node name="Tree17" parent="Environment" instance=ExtResource("3_6ko4u")]
transform = Transform3D(1, 0, 0, 0, 1, 0, 0, 0, 1, 161.37, 4.68665, -114.55)

[node name="Tree18" parent="Environment" instance=ExtResource("3_6ko4u")]
transform = Transform3D(1, 0, 0, 0, 1, 0, 0, 0, 1, 147.427, 2.05577, -105.759)

[node name="Tree19" parent="Environment" instance=ExtResource("3_6ko4u")]
transform = Transform3D(1, 0, 0, 0, 1, 0, 0, 0, 1, 116.656, 5.62785, -101.136)

[node name="Tree20" parent="Environment" instance=ExtResource("3_6ko4u")]
transform = Transform3D(1, 0, 0, 0, 1, 0, 0, 0, 1, 132.457, 4.33451, -95.4147)

[node name="Tree21" parent="Environment" instance=ExtResource("3_6ko4u")]
transform = Transform3D(1, 0, 0, 0, 1, 0, 0, 0, 1, 216.741, 0, -59.2907)

[node name="Tree22" parent="Environment" instance=ExtResource("3_6ko4u")]
transform = Transform3D(1, 0, 0, 0, 1, 0, 0, 0, 1, 209.925, 0, -45.3783)

[node name="Tree23" parent="Environment" instance=ExtResource("3_6ko4u")]
transform = Transform3D(1, 0, 0, 0, 1, 0, 0, 0, 1, 228.921, 0, -59.4862)

[node name="Tree24" parent="Environment" instance=ExtResource("3_6ko4u")]
transform = Transform3D(1, 0, 0, 0, 1, 0, 0, 0, 1, 197.777, 0, -34.2591)

[node name="Tree25" parent="Environment" instance=ExtResource("3_6ko4u")]
transform = Transform3D(1, 0, 0, 0, 1, 0, 0, 0, 1, 191.158, 0, -22.7312)

[node name="Tree26" parent="Environment" instance=ExtResource("3_6ko4u")]
transform = Transform3D(1, 0, 0, 0, 1, 0, 0, 0, 1, 176.417, 0, -22.8708)

[node name="Tree27" parent="Environment" instance=ExtResource("3_6ko4u")]
transform = Transform3D(1, 0, 0, 0, 1, 0, 0, 0, 1, 168.606, 0, -12.1406)

[node name="Tree28" parent="Environment" instance=ExtResource("3_6ko4u")]
transform = Transform3D(1, 0, 0, 0, 1, 0, 0, 0, 1, 185.819, 0, -8.77748)

[node name="Tree29" parent="Environment" instance=ExtResource("3_6ko4u")]
transform = Transform3D(1, 0, 0, 0, 1, 0, 0, 0, 1, 206.173, 0, -22.943)

[node name="Tree30" parent="Environment" instance=ExtResource("3_6ko4u")]
transform = Transform3D(1, 0, 0, 0, 1, 0, 0, 0, 1, 218.558, 0, -35.722)

[node name="Tree31" parent="Environment" instance=ExtResource("3_6ko4u")]
transform = Transform3D(1, 0, 0, 0, 1, 0, 0, 0, 1, 233.395, 0, -46.8914)

[node name="Tree32" parent="Environment" instance=ExtResource("3_6ko4u")]
transform = Transform3D(1, 0, 0, 0, 1, 0, 0, 0, 1, 247.292, 0, -66.1557)

[node name="Tree33" parent="Environment" instance=ExtResource("3_6ko4u")]
transform = Transform3D(1, 0, 0, 0, 1, 0, 0, 0, 1, 252.997, 0, -85.9904)

[node name="Tree34" parent="Environment" instance=ExtResource("3_6ko4u")]
transform = Transform3D(1, 0, 0, 0, 1, 0, 0, 0, 1, 263.438, -0.0679703, -102.122)

[node name="Tree35" parent="Environment" instance=ExtResource("3_6ko4u")]
transform = Transform3D(1, 0, 0, 0, 1, 0, 0, 0, 1, 268.543, -0.0679703, -118.644)

[node name="Tree36" parent="Environment" instance=ExtResource("3_6ko4u")]
transform = Transform3D(1, 0, 0, 0, 1, 0, 0, 0, 1, 266.273, -0.0679703, -136.961)

[node name="Tree37" parent="Environment" instance=ExtResource("3_6ko4u")]
transform = Transform3D(1, 0, 0, 0, 1, 0, 0, 0, 1, 258.219, -0.0679703, -157.569)

[node name="Tree38" parent="Environment" instance=ExtResource("3_6ko4u")]
transform = Transform3D(1, 0, 0, 0, 1, 0, 0, 0, 1, 247.196, -0.0679703, -169.75)

[node name="Tree39" parent="Environment" instance=ExtResource("3_6ko4u")]
transform = Transform3D(1, 0, 0, 0, 1, 0, 0, 0, 1, 231.486, 0, -176.663)

[node name="Tree40" parent="Environment" instance=ExtResource("3_6ko4u")]
transform = Transform3D(1, 0, 0, 0, 1, 0, 0, 0, 1, 214.145, 0, -173.909)

[node name="Tree41" parent="Environment" instance=ExtResource("3_6ko4u")]
transform = Transform3D(1, 0, 0, 0, 1, 0, 0, 0, 1, 197.169, 0, -168.979)

[node name="Tree42" parent="Environment" instance=ExtResource("3_6ko4u")]
transform = Transform3D(1, 0, 0, 0, 1, 0, 0, 0, 1, 168.928, 1.24088, -147.951)

[node name="Tree43" parent="Environment" instance=ExtResource("3_6ko4u")]
transform = Transform3D(1, 0, 0, 0, 1, 0, 0, 0, 1, 183.57, 0, -165.385)

[node name="Tree44" parent="Environment" instance=ExtResource("3_6ko4u")]
transform = Transform3D(1, 0, 0, 0, 1, 0, 0, 0, 1, 168.969, 2.28617, -177.51)

[node name="Tree45" parent="Environment" instance=ExtResource("3_6ko4u")]
transform = Transform3D(1, 0, 0, 0, 1, 0, 0, 0, 1, 202.838, 0, -184.65)

[node name="Tree46" parent="Environment" instance=ExtResource("3_6ko4u")]
transform = Transform3D(1, 0, 0, 0, 1, 0, 0, 0, 1, 204.697, 0, -12.0436)

[node name="Tree47" parent="Environment" instance=ExtResource("3_6ko4u")]
transform = Transform3D(1, 0, 0, 0, 1, 0, 0, 0, 1, 221.859, 0, -22.4165)

[node name="Tree48" parent="Environment" instance=ExtResource("3_6ko4u")]
transform = Transform3D(1, 0, 0, 0, 1, 0, 0, 0, 1, 237.743, 0, -30.8177)

[node name="Tree49" parent="Environment" instance=ExtResource("3_6ko4u")]
transform = Transform3D(1, 0, 0, 0, 1, 0, 0, 0, 1, 234.952, 0, -13.5967)

[node name="Tree50" parent="Environment" instance=ExtResource("3_6ko4u")]
transform = Transform3D(1, 0, 0, 0, 1, 0, 0, 0, 1, 222.774, 9.85897, -138.282)

[node name="Tree51" parent="Environment" instance=ExtResource("3_6ko4u")]
transform = Transform3D(1, 0, 0, 0, 1, 0, 0, 0, 1, 235.455, 9.60438, -133.868)

[node name="Tree52" parent="Environment" instance=ExtResource("3_6ko4u")]
transform = Transform3D(1, 0, 0, 0, 1, 0, 0, 0, 1, 235.445, 9.36692, -123.694)

[node name="Tree53" parent="Environment" instance=ExtResource("3_6ko4u")]
transform = Transform3D(1, 0, 0, 0, 1, 0, 0, 0, 1, 221.363, 10.0063, -109.301)

[node name="Tree54" parent="Environment" instance=ExtResource("3_6ko4u")]
transform = Transform3D(1, 0, 0, 0, 1, 0, 0, 0, 1, 198.549, 12.164, -120.012)

[node name="Tree55" parent="Environment" instance=ExtResource("3_6ko4u")]
transform = Transform3D(1, 0, 0, 0, 1, 0, 0, 0, 1, 206.534, 12.3729, -103.465)

[node name="Tree56" parent="Environment" instance=ExtResource("3_6ko4u")]
transform = Transform3D(1, 0, 0, 0, 1, 0, 0, 0, 1, 187.963, 12.5837, -114.045)

[node name="Tree57" parent="Environment" instance=ExtResource("3_6ko4u")]
transform = Transform3D(1, 0, 0, 0, 1, 0, 0, 0, 1, 197.132, 13.9936, -90.9406)

[node name="Tree58" parent="Environment" instance=ExtResource("3_6ko4u")]
transform = Transform3D(1, 0, 0, 0, 1, 0, 0, 0, 1, 181.687, 13.8886, -98.5596)

[node name="Tree59" parent="Environment" instance=ExtResource("3_6ko4u")]
transform = Transform3D(1, 0, 0, 0, 1, 0, 0, 0, 1, 188.756, 14.4507, -79.4552)

[node name="Tree60" parent="Environment" instance=ExtResource("3_6ko4u")]
transform = Transform3D(1, 0, 0, 0, 1, 0, 0, 0, 1, 172.151, 13.9485, -90.5241)

[node name="Tree61" parent="Environment" instance=ExtResource("3_6ko4u")]
transform = Transform3D(1, 0, 0, 0, 1, 0, 0, 0, 1, 182.882, 15.3103, -67.3526)

[node name="Tree62" parent="Environment" instance=ExtResource("3_6ko4u")]
transform = Transform3D(1, 0, 0, 0, 1, 0, 0, 0, 1, 170.431, 16.4677, -64.0963)

[node name="Tree63" parent="Environment" instance=ExtResource("3_6ko4u")]
transform = Transform3D(1, 0, 0, 0, 1, 0, 0, 0, 1, 158.536, 15.5111, -87.9377)

[node name="Tree64" parent="Environment" instance=ExtResource("3_6ko4u")]
transform = Transform3D(1, 0, 0, 0, 1, 0, 0, 0, 1, 155.076, 16.5462, -78.5353)

[node name="Tree65" parent="Environment" instance=ExtResource("3_6ko4u")]
transform = Transform3D(1, 0, 0, 0, 1, 0, 0, 0, 1, 165.467, 17.3903, -53.9227)

[node name="Tree66" parent="Environment" instance=ExtResource("3_6ko4u")]
transform = Transform3D(1, 0, 0, 0, 1, 0, 0, 0, 1, 157.821, 21.1679, -39.7884)

[node name="Tree67" parent="Environment" instance=ExtResource("3_6ko4u")]
transform = Transform3D(1, 0, 0, 0, 1, 0, 0, 0, 1, 142.321, 17.5632, -78.026)

[node name="Tree68" parent="Environment" instance=ExtResource("3_6ko4u")]
transform = Transform3D(1, 0, 0, 0, 1, 0, 0, 0, 1, 140.182, 18.7599, -68.3426)

[node name="Tree69" parent="Environment" instance=ExtResource("3_6ko4u")]
transform = Transform3D(1, 0, 0, 0, 1, 0, 0, 0, 1, 129.941, 20.3895, -70.5177)

[node name="Tree70" parent="Environment" instance=ExtResource("3_6ko4u")]
transform = Transform3D(1, 0, 0, 0, 1, 0, 0, 0, 1, 144.222, 21.4284, -41.7097)

[node name="Tree71" parent="Environment" instance=ExtResource("3_6ko4u")]
transform = Transform3D(1, 0, 0, 0, 1, 0, 0, 0, 1, 137.678, 22.6192, -32.9285)

[node name="Tree72" parent="Environment" instance=ExtResource("3_6ko4u")]
transform = Transform3D(1, 0, 0, 0, 1, 0, 0, 0, 1, 123.52, 23.2485, -59.9363)

[node name="Tree73" parent="Environment" instance=ExtResource("3_6ko4u")]
transform = Transform3D(1, 0, 0, 0, 1, 0, 0, 0, 1, 126.765, 23.5512, -33.8966)

[node name="Tree74" parent="Environment" instance=ExtResource("3_6ko4u")]
transform = Transform3D(1, 0, 0, 0, 1, 0, 0, 0, 1, 120.437, 23.7052, -29.3705)

[node name="Tree75" parent="Environment" instance=ExtResource("3_6ko4u")]
transform = Transform3D(1, 0, 0, 0, 1, 0, 0, 0, 1, 129.972, 23.5257, -23.4946)

[node name="Tree76" parent="Environment" instance=ExtResource("3_6ko4u")]
transform = Transform3D(1, 0, 0, 0, 1, 0, 0, 0, 1, 110.772, 29.0259, -59.2613)

[node name="Tree77" parent="Environment" instance=ExtResource("3_6ko4u")]
transform = Transform3D(1, 0, 0, 0, 1, 0, 0, 0, 1, 89.2081, 31.529, -26.9921)

[node name="Tree78" parent="Environment" instance=ExtResource("3_6ko4u")]
transform = Transform3D(1, 0, 0, 0, 1, 0, 0, 0, 1, 95.7085, 33.9273, -60.1217)

[node name="Tree79" parent="Environment" instance=ExtResource("3_6ko4u")]
transform = Transform3D(1, 0, 0, 0, 1, 0, 0, 0, 1, 96.0422, 25.7546, -20.0454)

[node name="Tree80" parent="Environment" instance=ExtResource("3_6ko4u")]
transform = Transform3D(1, 0, 0, 0, 1, 0, 0, 0, 1, 113.227, 23.0825, -21.9413)

[node name="Tree81" parent="Environment" instance=ExtResource("3_6ko4u")]
transform = Transform3D(1, 0, 0, 0, 1, 0, 0, 0, 1, 78.0693, 37.307, -34.9014)

[node name="Tree82" parent="Environment" instance=ExtResource("3_6ko4u")]
transform = Transform3D(1, 0, 0, 0, 1, 0, 0, 0, 1, 66.5463, 43.3288, -41.5742)

[node name="Tree83" parent="Environment" instance=ExtResource("3_6ko4u")]
transform = Transform3D(1, 0, 0, 0, 1, 0, 0, 0, 1, 66.4842, 42.731, -50.7475)

[node name="Tree84" parent="Environment" instance=ExtResource("3_6ko4u")]
transform = Transform3D(1, 0, 0, 0, 1, 0, 0, 0, 1, 84.5063, 36.9076, -64.2633)

[node name="Tree85" parent="Environment" instance=ExtResource("3_6ko4u")]
transform = Transform3D(1, 0, 0, 0, 1, 0, 0, 0, 1, 56.313, 46.1182, -58.2401)

[node name="Tree86" parent="Environment" instance=ExtResource("3_6ko4u")]
transform = Transform3D(1, 0, 0, 0, 1, 0, 0, 0, 1, 78.3562, 43.9778, -80.6918)

[node name="Tree87" parent="Environment" instance=ExtResource("3_6ko4u")]
transform = Transform3D(1, 0, 0, 0, 1, 0, 0, 0, 1, 58.1126, 45.5927, -71.363)

[node name="Tree88" parent="Environment" instance=ExtResource("3_6ko4u")]
transform = Transform3D(1, 0, 0, 0, 1, 0, 0, 0, 1, 52.4403, 46.9025, -77.1411)

[node name="Tree89" parent="Environment" instance=ExtResource("3_6ko4u")]
transform = Transform3D(1, 0, 0, 0, 1, 0, 0, 0, 1, 58.0791, 47.6569, -88.5949)

[node name="Tree90" parent="Environment" instance=ExtResource("3_6ko4u")]
transform = Transform3D(1, 0, 0, 0, 1, 0, 0, 0, 1, 57.9358, 47.6301, -98.4691)

[node name="Tree91" parent="Environment" instance=ExtResource("3_6ko4u")]
transform = Transform3D(1, 0, 0, 0, 1, 0, 0, 0, 1, 82.0683, 47.8394, -93.8304)

[node name="Tree92" parent="Environment" instance=ExtResource("3_6ko4u")]
transform = Transform3D(1, 0, 0, 0, 1, 0, 0, 0, 1, 68.6168, 47.53, -106.137)

[node name="Tree93" parent="Environment" instance=ExtResource("3_6ko4u")]
transform = Transform3D(1, 0, 0, 0, 1, 0, 0, 0, 1, 85.3031, 50.4699, -104.213)

[node name="Tree94" parent="Environment" instance=ExtResource("3_6ko4u")]
transform = Transform3D(1, 0, 0, 0, 1, 0, 0, 0, 1, 73.5197, 47.3298, -114.124)

[node name="Tree95" parent="Environment" instance=ExtResource("3_6ko4u")]
transform = Transform3D(1, 0, 0, 0, 1, 0, 0, 0, 1, 92.825, 52.1588, -114.405)

[node name="Tree96" parent="Environment" instance=ExtResource("3_6ko4u")]
transform = Transform3D(1, 0, 0, 0, 1, 0, 0, 0, 1, 83.2716, 48.766, -126.998)

[node name="Tree97" parent="Environment" instance=ExtResource("3_6ko4u")]
transform = Transform3D(1, 0, 0, 0, 1, 0, 0, 0, 1, 100.996, 53.8106, -123.298)

[node name="Tree98" parent="Environment" instance=ExtResource("3_6ko4u")]
transform = Transform3D(1, 0, 0, 0, 1, 0, 0, 0, 1, 97.0512, 52.4454, -142.681)

[node name="Tree99" parent="Environment" instance=ExtResource("3_6ko4u")]
transform = Transform3D(1, 0, 0, 0, 1, 0, 0, 0, 1, 118.006, 56.3106, -137.591)

[node name="Tree100" parent="Environment" instance=ExtResource("3_6ko4u")]
transform = Transform3D(1, 0, 0, 0, 1, 0, 0, 0, 1, 114.655, 57.5076, -159.167)

[node name="Tree101" parent="Environment" instance=ExtResource("3_6ko4u")]
transform = Transform3D(1, 0, 0, 0, 1, 0, 0, 0, 1, 135.619, 60.2737, -153.109)

[node name="Tree102" parent="Environment" instance=ExtResource("3_6ko4u")]
transform = Transform3D(1, 0, 0, 0, 1, 0, 0, 0, 1, 141.636, 61.3843, -164.886)

[node name="Tree103" parent="Environment" instance=ExtResource("3_6ko4u")]
transform = Transform3D(1, 0, 0, 0, 1, 0, 0, 0, 1, 118.28, 60.9697, -174.786)

[node name="Tree104" parent="Environment" instance=ExtResource("3_6ko4u")]
transform = Transform3D(1, 0, 0, 0, 1, 0, 0, 0, 1, 144.923, 62.6099, -180.311)

[node name="Tree105" parent="Environment" instance=ExtResource("3_6ko4u")]
transform = Transform3D(1, 0, 0, 0, 1, 0, 0, 0, 1, 140.95, 62.5429, -191.585)

[node name="Tree106" parent="Environment" instance=ExtResource("3_6ko4u")]
transform = Transform3D(1, 0, 0, 0, 1, 0, 0, 0, 1, 134.62, 63.2986, -202.838)

[node name="Tree107" parent="Environment" instance=ExtResource("3_6ko4u")]
transform = Transform3D(1, 0, 0, 0, 1, 0, 0, 0, 1, 123.236, 63.5745, -206.905)

[node name="Tree108" parent="Environment" instance=ExtResource("3_6ko4u")]
transform = Transform3D(1, 0, 0, 0, 1, 0, 0, 0, 1, 110.894, 62.8326, -186.67)

[node name="Tree109" parent="Environment" instance=ExtResource("3_6ko4u")]
transform = Transform3D(1, 0, 0, 0, 1, 0, 0, 0, 1, 96.3522, 63.6473, -196.329)

[node name="Tree110" parent="Environment" instance=ExtResource("3_6ko4u")]
transform = Transform3D(1, 0, 0, 0, 1, 0, 0, 0, 1, 112.323, 63.2256, -212.537)

[node name="Tree111" parent="Environment" instance=ExtResource("3_6ko4u")]
transform = Transform3D(1, 0, 0, 0, 1, 0, 0, 0, 1, 94.9624, 63.943, -217.242)

[node name="Tree112" parent="Environment" instance=ExtResource("3_6ko4u")]
transform = Transform3D(1, 0, 0, 0, 1, 0, 0, 0, 1, 84.5143, 63.5723, -197.705)

[node name="Tree113" parent="Environment" instance=ExtResource("3_6ko4u")]
transform = Transform3D(1, 0, 0, 0, 1, 0, 0, 0, 1, 79.5179, 63.9481, -219.73)

[node name="Tree114" parent="Environment" instance=ExtResource("3_6ko4u")]
transform = Transform3D(1, 0, 0, 0, 1, 0, 0, 0, 1, 70.1344, 64.5966, -196.286)

[node name="Tree115" parent="Environment" instance=ExtResource("3_6ko4u")]
transform = Transform3D(1, 0, 0, 0, 1, 0, 0, 0, 1, 61.0061, 66.4306, -225.173)

[node name="Tree116" parent="Environment" instance=ExtResource("3_6ko4u")]
transform = Transform3D(1, 0, 0, 0, 1, 0, 0, 0, 1, 51.1169, 68.1795, -189.47)

[node name="Tree117" parent="Environment" instance=ExtResource("3_6ko4u")]
transform = Transform3D(1, 0, 0, 0, 1, 0, 0, 0, 1, 36.6324, 67.1038, -183.152)

[node name="Tree118" parent="Environment" instance=ExtResource("3_6ko4u")]
transform = Transform3D(1, 0, 0, 0, 1, 0, 0, 0, 1, 48.0175, 68.4202, -216.647)

[node name="Tree119" parent="Environment" instance=ExtResource("3_6ko4u")]
transform = Transform3D(1, 0, 0, 0, 1, 0, 0, 0, 1, 35.5366, 68.1693, -207.768)

[node name="Tree120" parent="Environment" instance=ExtResource("3_6ko4u")]
transform = Transform3D(1, 0, 0, 0, 1, 0, 0, 0, 1, 24.2153, 65.9796, -201.272)

[node name="Tree121" parent="Environment" instance=ExtResource("3_6ko4u")]
transform = Transform3D(1, 0, 0, 0, 1, 0, 0, 0, 1, 24.7948, 63.6022, -170.954)

[node name="Tree122" parent="Environment" instance=ExtResource("3_6ko4u")]
transform = Transform3D(1, 0, 0, 0, 1, 0, 0, 0, 1, 12.1184, 62.6953, -191.936)

[node name="Tree123" parent="Environment" instance=ExtResource("3_6ko4u")]
transform = Transform3D(1, 0, 0, 0, 1, 0, 0, 0, 1, 0.629368, 58.4432, -178.704)

[node name="Tree124" parent="Environment" instance=ExtResource("3_6ko4u")]
transform = Transform3D(1, 0, 0, 0, 1, 0, 0, 0, 1, 14.2448, 60.5501, -164.481)

[node name="Tree125" parent="Environment" instance=ExtResource("3_6ko4u")]
transform = Transform3D(1, 0, 0, 0, 1, 0, 0, 0, 1, 2.65513, 56.9506, -153.541)

[node name="Tree126" parent="Environment" instance=ExtResource("3_6ko4u")]
transform = Transform3D(1, 0, 0, 0, 1, 0, 0, 0, 1, -15.274, 52.879, -167.23)

[node name="Tree127" parent="Environment" instance=ExtResource("3_6ko4u")]
transform = Transform3D(1, 0, 0, 0, 1, 0, 0, 0, 1, -5.20865, 52.9735, -137.876)

[node name="Tree128" parent="Environment" instance=ExtResource("3_6ko4u")]
transform = Transform3D(1, 0, 0, 0, 1, 0, 0, 0, 1, -21.9907, 58.6188, -152.887)

[node name="Tree129" parent="Environment" instance=ExtResource("3_6ko4u")]
transform = Transform3D(1, 0, 0, 0, 1, 0, 0, 0, 1, -17.6569, 56.4296, -127.735)

[node name="Tree130" parent="Environment" instance=ExtResource("3_6ko4u")]
transform = Transform3D(1, 0, 0, 0, 1, 0, 0, 0, 1, -35.7733, 66.399, -144.466)

[node name="Tree131" parent="Environment" instance=ExtResource("3_6ko4u")]
transform = Transform3D(1, 0, 0, 0, 1, 0, 0, 0, 1, -46.5363, 72.4179, -136.753)

[node name="Tree132" parent="Environment" instance=ExtResource("3_6ko4u")]
transform = Transform3D(1, 0, 0, 0, 1, 0, 0, 0, 1, -30.1355, 65.9618, -115.765)

[node name="Tree133" parent="Environment" instance=ExtResource("3_6ko4u")]
transform = Transform3D(1, 0, 0, 0, 1, 0, 0, 0, 1, -55.0421, 78.2927, -125.771)

[node name="Tree134" parent="Environment" instance=ExtResource("3_6ko4u")]
transform = Transform3D(1, 0, 0, 0, 1, 0, 0, 0, 1, -41.4038, 74.8205, -102.534)

[node name="Tree135" parent="Environment" instance=ExtResource("3_6ko4u")]
transform = Transform3D(1, 0, 0, 0, 1, 0, 0, 0, 1, -68.1615, 84.1582, -117.171)

[node name="Tree136" parent="Environment" instance=ExtResource("3_6ko4u")]
transform = Transform3D(1, 0, 0, 0, 1, 0, 0, 0, 1, -50.1149, 82.3245, -90.0987)

[node name="Tree137" parent="Environment" instance=ExtResource("3_6ko4u")]
transform = Transform3D(1, 0, 0, 0, 1, 0, 0, 0, 1, -61.6662, 89.4244, -79.1207)

[node name="Tree138" parent="Environment" instance=ExtResource("3_6ko4u")]
transform = Transform3D(1, 0, 0, 0, 1, 0, 0, 0, 1, -76.4534, 89.0201, -101.167)

[node name="Tree139" parent="Environment" instance=ExtResource("3_6ko4u")]
transform = Transform3D(1, 0, 0, 0, 1, 0, 0, 0, 1, -67.8539, 93.2913, -67.4284)

[node name="Tree140" parent="Environment" instance=ExtResource("3_6ko4u")]
transform = Transform3D(1, 0, 0, 0, 1, 0, 0, 0, 1, -91.8659, 93.5495, -92.7493)

[node name="Tree141" parent="Environment" instance=ExtResource("3_6ko4u")]
transform = Transform3D(1, 0, 0, 0, 1, 0, 0, 0, 1, -105.578, 87.1521, -86.6963)

[node name="Tree142" parent="Environment" instance=ExtResource("3_6ko4u")]
transform = Transform3D(1, 0, 0, 0, 1, 0, 0, 0, 1, -75.1957, 88.2196, -62.2181)

[node name="Tree143" parent="Environment" instance=ExtResource("3_6ko4u")]
transform = Transform3D(1, 0, 0, 0, 1, 0, 0, 0, 1, -117.103, 80.5021, -78.9068)

[node name="Tree144" parent="Environment" instance=ExtResource("3_6ko4u")]
transform = Transform3D(1, 0, 0, 0, 1, 0, 0, 0, 1, -80.5786, 76.9348, -42.1563)

[node name="Tree145" parent="Environment" instance=ExtResource("3_6ko4u")]
transform = Transform3D(1, 0, 0, 0, 1, 0, 0, 0, 1, -132.001, 74.8197, -73.8841)

[node name="Tree146" parent="Environment" instance=ExtResource("3_6ko4u")]
transform = Transform3D(1, 0, 0, 0, 1, 0, 0, 0, 1, -139.394, 82.5558, -33.2696)

[node name="Tree147" parent="Environment" instance=ExtResource("3_6ko4u")]
transform = Transform3D(1, 0, 0, 0, 1, 0, 0, 0, 1, -117.836, 76.6895, -14.1547)

[node name="Tree148" parent="Environment" instance=ExtResource("3_6ko4u")]
transform = Transform3D(1, 0, 0, 0, 1, 0, 0, 0, 1, -95.6116, 78.0626, -10.2878)

[node name="Tree149" parent="Environment" instance=ExtResource("3_6ko4u")]
transform = Transform3D(1, 0, 0, 0, 1, 0, 0, 0, 1, -71.7446, 76.5817, -16.8357)

[node name="Tree150" parent="Environment" instance=ExtResource("3_6ko4u")]
transform = Transform3D(1, 0, 0, 0, 1, 0, 0, 0, 1, -145.577, 79.2811, -6.31967)

[node name="Tree151" parent="Environment" instance=ExtResource("3_6ko4u")]
transform = Transform3D(1, 0, 0, 0, 1, 0, 0, 0, 1, -126.123, 78.8376, 20.2766)

[node name="Tree152" parent="Environment" instance=ExtResource("3_6ko4u")]
transform = Transform3D(1, 0, 0, 0, 1, 0, 0, 0, 1, -96.3054, 82.8786, 30.6532)

[node name="Tree153" parent="Environment" instance=ExtResource("3_6ko4u")]
transform = Transform3D(1, 0, 0, 0, 1, 0, 0, 0, 1, -153.466, 76.831, 27.0089)

[node name="Tree154" parent="Environment" instance=ExtResource("3_6ko4u")]
transform = Transform3D(1, 0, 0, 0, 1, 0, 0, 0, 1, -116.706, 86.4727, 64.4589)

[node name="Tree155" parent="Environment" instance=ExtResource("3_6ko4u")]
transform = Transform3D(1, 0, 0, 0, 1, 0, 0, 0, 1, -134.543, 84.3158, 44.4223)

[node name="Tree156" parent="Environment" instance=ExtResource("3_6ko4u")]
transform = Transform3D(1, 0, 0, 0, 1, 0, 0, 0, 1, -77.1204, 86.9541, 57.6634)

[node name="Tree157" parent="Environment" instance=ExtResource("3_6ko4u")]
transform = Transform3D(1, 0, 0, 0, 1, 0, 0, 0, 1, -94.1797, 89.5094, 85.0183)

[node name="Tree158" parent="Environment" instance=ExtResource("3_6ko4u")]
transform = Transform3D(1, 0, 0, 0, 1, 0, 0, 0, 1, -100.465, 94.3663, 112.696)

[node name="Tree159" parent="Environment" instance=ExtResource("3_6ko4u")]
transform = Transform3D(1, 0, 0, 0, 1, 0, 0, 0, 1, -64.2722, 94.0671, 92.3996)

[node name="Tree160" parent="Environment" instance=ExtResource("3_6ko4u")]
transform = Transform3D(1, 0, 0, 0, 1, 0, 0, 0, 1, -67.2399, 95.5133, 124.82)

[node name="Tree161" parent="Environment" instance=ExtResource("3_6ko4u")]
transform = Transform3D(1, 0, 0, 0, 1, 0, 0, 0, 1, -40.0263, 97.2467, 114.309)

[node name="Tree162" parent="Environment" instance=ExtResource("3_6ko4u")]
transform = Transform3D(1, 0, 0, 0, 1, 0, 0, 0, 1, -96.551, 98.4732, 146.816)

[node name="Tree163" parent="Environment" instance=ExtResource("3_6ko4u")]
transform = Transform3D(1, 0, 0, 0, 1, 0, 0, 0, 1, -63.2052, 98.5285, 155.01)

[node name="Tree164" parent="Environment" instance=ExtResource("3_6ko4u")]
transform = Transform3D(1, 0, 0, 0, 1, 0, 0, 0, 1, -37.5114, 100.035, 138.186)

[node name="Tree165" parent="Environment" instance=ExtResource("3_6ko4u")]
transform = Transform3D(1, 0, 0, 0, 1, 0, 0, 0, 1, -80.424, 99.5755, 173.074)

[node name="Tree166" parent="Environment" instance=ExtResource("3_6ko4u")]
transform = Transform3D(-0.874882, 0, -0.484336, 0, 1, 0, 0.484336, 0, -0.874882, -3.45509, -0.0679703, -64.1367)

[node name="Tree167" parent="Environment" instance=ExtResource("3_6ko4u")]
transform = Transform3D(-0.874882, 0, -0.484336, 0, 1, 0, 0.484336, 0, -0.874882, -0.331408, -0.0679703, -48.8728)

[node name="Tree168" parent="Environment" instance=ExtResource("3_6ko4u")]
transform = Transform3D(-0.874882, 0, -0.484336, 0, 1, 0, 0.484336, 0, -0.874882, 10.6451, -0.0679703, -35.3776)

[node name="Tree169" parent="Environment" instance=ExtResource("3_6ko4u")]
transform = Transform3D(-0.874882, 0, -0.484336, 0, 1, 0, 0.484336, 0, -0.874882, -19.4755, 2.5084, -64.6279)

[node name="Tree170" parent="Environment" instance=ExtResource("3_6ko4u")]
transform = Transform3D(-0.874882, 0, -0.484336, 0, 1, 0, 0.484336, 0, -0.874882, -15.9395, -0.0679703, -47.7005)

[node name="Tree171" parent="Environment" instance=ExtResource("3_6ko4u")]
transform = Transform3D(-0.874882, 0, -0.484336, 0, 1, 0, 0.484336, 0, -0.874882, -5.08194, -0.0679703, -32.7748)

[node name="Tree172" parent="Environment" instance=ExtResource("3_6ko4u")]
transform = Transform3D(-0.874882, 0, -0.484336, 0, 1, 0, 0.484336, 0, -0.874882, 11.9456, -0.0679703, -18.6461)

[node name="Tree173" parent="Environment" instance=ExtResource("3_6ko4u")]
transform = Transform3D(-0.874882, 0, -0.484336, 0, 1, 0, 0.484336, 0, -0.874882, 27.4891, -0.0679703, -13.3279)

[node name="Tree174" parent="Environment" instance=ExtResource("3_6ko4u")]
transform = Transform3D(-0.770602, 0, -0.637316, 0, 1, 0, 0.637316, 0, -0.770602, -22.7245, -0.0679703, -36.8999)

[node name="Tree175" parent="Environment" instance=ExtResource("3_6ko4u")]
transform = Transform3D(-0.770602, 0, -0.637316, 0, 1, 0, 0.637316, 0, -0.770602, -16.8405, -0.0679703, -22.4735)

[node name="Tree176" parent="Environment" instance=ExtResource("3_6ko4u")]
transform = Transform3D(-0.770602, 0, -0.637316, 0, 1, 0, 0.637316, 0, -0.770602, -3.56429, -0.0679703, -11.2331)

[node name="Tree177" parent="Environment" instance=ExtResource("3_6ko4u")]
transform = Transform3D(-0.770602, 0, -0.637316, 0, 1, 0, 0.637316, 0, -0.770602, -38.5608, 10.475, -34.4294)

[node name="Tree178" parent="Environment" instance=ExtResource("3_6ko4u")]
transform = Transform3D(-0.770602, 0, -0.637316, 0, 1, 0, 0.637316, 0, -0.770602, -31.965, 6.88301, -18.4441)

[node name="Tree179" parent="Environment" instance=ExtResource("3_6ko4u")]
transform = Transform3D(-0.770602, 0, -0.637316, 0, 1, 0, 0.637316, 0, -0.770602, -18.542, -0.0679703, -5.77564)

[node name="Tree180" parent="Environment" instance=ExtResource("3_6ko4u")]
transform = Transform3D(-0.770602, 0, -0.637316, 0, 1, 0, 0.637316, 0, -0.770602, 0.798263, -0.0679703, 4.97198)

[node name="Tree181" parent="Environment" instance=ExtResource("3_6ko4u")]
transform = Transform3D(-0.770602, 0, -0.637316, 0, 1, 0, 0.637316, 0, -0.770602, 17.0557, -0.0679703, 7.33355)

[node name="Tree182" parent="Environment" instance=ExtResource("3_6ko4u")]
transform = Transform3D(-0.444291, 0, -0.895882, 0, 1, 0, 0.895882, 0, -0.444291, 56.5544, -0.0679703, -2.39206)

[node name="Tree183" parent="Environment" instance=ExtResource("3_6ko4u")]
transform = Transform3D(-0.444291, 0, -0.895882, 0, 1, 0, 0.895882, 0, -0.444291, 67.8031, -0.0679703, 8.38803)

[node name="Tree184" parent="Environment" instance=ExtResource("3_6ko4u")]
transform = Transform3D(-0.444291, 0, -0.895882, 0, 1, 0, 0.895882, 0, -0.444291, 84.506, -0.0679703, 13.248)

[node name="Tree185" parent="Environment" instance=ExtResource("3_6ko4u")]
transform = Transform3D(-0.444291, 0, -0.895882, 0, 1, 0, 0.895882, 0, -0.444291, 43.0966, -0.0679703, 6.31312)

[node name="Tree186" parent="Environment" instance=ExtResource("3_6ko4u")]
transform = Transform3D(-0.444291, 0, -0.895882, 0, 1, 0, 0.895882, 0, -0.444291, 55.6303, -0.0679703, 18.2272)

[node name="Tree187" parent="Environment" instance=ExtResource("3_6ko4u")]
transform = Transform3D(-0.444291, 0, -0.895882, 0, 1, 0, 0.895882, 0, -0.444291, 73.0487, -0.0679703, 24.3316)

[node name="Tree188" parent="Environment" instance=ExtResource("3_6ko4u")]
transform = Transform3D(-0.444291, 0, -0.895882, 0, 1, 0, 0.895882, 0, -0.444291, 95.0894, -0.0679703, 26.2721)

[node name="Tree189" parent="Environment" instance=ExtResource("3_6ko4u")]
transform = Transform3D(-0.444291, 0, -0.895882, 0, 1, 0, 0.895882, 0, -0.444291, 110.9, -0.0679703, 21.8087)

[node name="Tree190" parent="Environment" instance=ExtResource("3_6ko4u")]
transform = Transform3D(-0.328257, 0, -0.944589, 0, 1, 0, 0.944589, 0, -0.328257, 120.524, -0.0679703, 33.5538)

[node name="Tree191" parent="Environment" instance=ExtResource("3_6ko4u")]
transform = Transform3D(-0.328257, 0, -0.944589, 0, 1, 0, 0.944589, 0, -0.328257, 133.037, -0.0679703, 42.8358)

[node name="Tree192" parent="Environment" instance=ExtResource("3_6ko4u")]
transform = Transform3D(-0.328257, 0, -0.944589, 0, 1, 0, 0.944589, 0, -0.328257, 150.218, -0.0679703, 45.5595)

[node name="Tree193" parent="Environment" instance=ExtResource("3_6ko4u")]
transform = Transform3D(-0.328257, 0, -0.944589, 0, 1, 0, 0.944589, 0, -0.328257, 108.266, -0.0679703, 43.8803)

[node name="Tree194" parent="Environment" instance=ExtResource("3_6ko4u")]
transform = Transform3D(-0.328257, 0, -0.944589, 0, 1, 0, 0.944589, 0, -0.328257, 122.197, -0.0679703, 54.1258)

[node name="Tree195" parent="Environment" instance=ExtResource("3_6ko4u")]
transform = Transform3D(-0.328257, 0, -0.944589, 0, 1, 0, 0.944589, 0, -0.328257, 140.244, -0.0679703, 57.9943)

[node name="Tree196" parent="Environment" instance=ExtResource("3_6ko4u")]
transform = Transform3D(-0.328257, 0, -0.944589, 0, 1, 0, 0.944589, 0, -0.328257, 162.354, -0.0679703, 57.1513)

[node name="Tree197" parent="Environment" instance=ExtResource("3_6ko4u")]
transform = Transform3D(-0.328257, 0, -0.944589, 0, 1, 0, 0.944589, 0, -0.328257, 177.478, -0.0679703, 50.7376)

[node name="Tree198" parent="Environment" instance=ExtResource("3_6ko4u")]
transform = Transform3D(0.505462, 0, 0.862849, 0, 1, 0, -0.862849, 0, 0.505462, 194.83, -0.0679703, 43.5824)

[node name="Tree199" parent="Environment" instance=ExtResource("3_6ko4u")]
transform = Transform3D(0.505462, 0, 0.862849, 0, 1, 0, -0.862849, 0, 0.505462, 184.357, -0.0679703, 32.0468)

[node name="Tree200" parent="Environment" instance=ExtResource("3_6ko4u")]
transform = Transform3D(0.505462, 0, 0.862849, 0, 1, 0, -0.862849, 0, 0.505462, 168.032, -0.0679703, 26.0382)

[node name="Tree201" parent="Environment" instance=ExtResource("3_6ko4u")]
transform = Transform3D(0.505462, 0, 0.862849, 0, 1, 0, -0.862849, 0, 0.505462, 208.86, -0.0679703, 35.8333)

[node name="Tree202" parent="Environment" instance=ExtResource("3_6ko4u")]
transform = Transform3D(0.505462, 0, 0.862849, 0, 1, 0, -0.862849, 0, 0.505462, 197.184, -0.0679703, 23.0772)

[node name="Tree203" parent="Environment" instance=ExtResource("3_6ko4u")]
transform = Transform3D(0.505462, 0, 0.862849, 0, 1, 0, -0.862849, 0, 0.505462, 180.232, -0.0679703, 15.7773)

[node name="Tree204" parent="Environment" instance=ExtResource("3_6ko4u")]
transform = Transform3D(0.505462, 0, 0.862849, 0, 1, 0, -0.862849, 0, 0.505462, 158.379, -0.0679703, 12.3102)

[node name="Tree205" parent="Environment" instance=ExtResource("3_6ko4u")]
transform = Transform3D(0.505462, 0, 0.862849, 0, 1, 0, -0.862849, 0, 0.505462, 142.297, -0.0679703, 15.6643)

[node name="Tree206" parent="Environment" instance=ExtResource("3_6ko4u")]
transform = Transform3D(0.545766, 0, -0.837938, 0, 1, 0, 0.837938, 0, 0.545766, 176.086, -0.0679703, 70.9886)

[node name="Tree207" parent="Environment" instance=ExtResource("3_6ko4u")]
transform = Transform3D(0.545766, 0, -0.837938, 0, 1, 0, 0.837938, 0, 0.545766, 191.087, -0.0679703, 66.7794)

[node name="Tree208" parent="Environment" instance=ExtResource("3_6ko4u")]
transform = Transform3D(0.545766, 0, -0.837938, 0, 1, 0, 0.837938, 0, 0.545766, 203.761, -0.0679703, 54.8643)

[node name="Tree209" parent="Environment" instance=ExtResource("3_6ko4u")]
transform = Transform3D(0.545766, 0, -0.837938, 0, 1, 0, 0.837938, 0, 0.545766, 176.744, -0.0679703, 87.003)

[node name="Tree210" parent="Environment" instance=ExtResource("3_6ko4u")]
transform = Transform3D(0.545766, 0, -0.837938, 0, 1, 0, 0.837938, 0, 0.545766, 193.375, -0.0679703, 82.2635)

[node name="Tree211" parent="Environment" instance=ExtResource("3_6ko4u")]
transform = Transform3D(0.545766, 0, -0.837938, 0, 1, 0, 0.837938, 0, 0.545766, 207.484, -0.0679703, 70.3646)

[node name="Tree212" parent="Environment" instance=ExtResource("3_6ko4u")]
transform = Transform3D(0.545766, 0, -0.837938, 0, 1, 0, 0.837938, 0, 0.545766, 220.357, -0.0679703, 52.3687)

[node name="Tree213" parent="Environment" instance=ExtResource("3_6ko4u")]
transform = Transform3D(0.545766, 0, -0.837938, 0, 1, 0, 0.837938, 0, 0.545766, 224.548, -0.0679703, 36.4841)

[node name="Tree214" parent="Environment" instance=ExtResource("3_6ko4u")]
transform = Transform3D(0.528112, 0, 0.849175, 0, 1, 0, -0.849175, 0, 0.528112, 243.417, -0.0679703, 31.4054)

[node name="Tree215" parent="Environment" instance=ExtResource("3_6ko4u")]
transform = Transform3D(0.528112, 0, 0.849175, 0, 1, 0, -0.849175, 0, 0.528112, 233.253, -0.0679703, 19.5968)

[node name="Tree216" parent="Environment" instance=ExtResource("3_6ko4u")]
transform = Transform3D(0.528112, 0, 0.849175, 0, 1, 0, -0.849175, 0, 0.528112, 217.093, -0.0679703, 13.1583)

[node name="Tree217" parent="Environment" instance=ExtResource("3_6ko4u")]
transform = Transform3D(0.528112, 0, 0.849175, 0, 1, 0, -0.849175, 0, 0.528112, 257.647, -0.0679703, 24.0301)

[node name="Tree218" parent="Environment" instance=ExtResource("3_6ko4u")]
transform = Transform3D(0.528112, 0, 0.849175, 0, 1, 0, -0.849175, 0, 0.528112, 246.313, -0.0679703, 10.9697)

[node name="Tree219" parent="Environment" instance=ExtResource("3_6ko4u")]
transform = Transform3D(0.528112, 0, 0.849175, 0, 1, 0, -0.849175, 0, 0.528112, 229.56, -0.0679703, 3.22383)

[node name="Tree220" parent="Environment" instance=ExtResource("3_6ko4u")]
transform = Transform3D(0.528112, 0, 0.849175, 0, 1, 0, -0.849175, 0, 0.528112, 207.806, -0.0679703, -0.820239)

[node name="Tree221" parent="Environment" instance=ExtResource("3_6ko4u")]
transform = Transform3D(0.528112, 0, 0.849175, 0, 1, 0, -0.849175, 0, 0.528112, 191.641, -0.0679703, 2.10726)

[node name="Tree222" parent="Environment" instance=ExtResource("3_6ko4u")]
transform = Transform3D(0.553958, 0, -0.832544, 0, 1, 0, 0.832544, 0, 0.553958, 217.891, -0.0679703, 63.9596)

[node name="Tree223" parent="Environment" instance=ExtResource("3_6ko4u")]
transform = Transform3D(0.553958, 0, -0.832544, 0, 1, 0, 0.832544, 0, 0.553958, 232.85, -0.0679703, 59.6035)

[node name="Tree224" parent="Environment" instance=ExtResource("3_6ko4u")]
